[
	{
		"fields": [
			"prediction",
			"probability"
		],
		"values": [
			[
				"Snowy",
				[
					0.20233118361370128,
					0.20001429224556141,
					0.26063563214106994,
					0.1975209810517051,
					0.13949791094796216
				]
			],
			[
				"Thunderstorm",
				[
					0.1631883676756512,
					0.18444546190175143,
					0.1617087023840709,
					0.255701976201751,
					0.23495549183677555
				]
			],
			[
				"Clear",
				[
					0.3268273945559155,
					0.1921917812390761,
					0.1665479624813253,
					0.18399316600777885,
					0.1304396957159043
				]
			],
			[
				"Clear",
				[
					0.30321535413915457,
					0.21571659594774245,
					0.1599614071575078,
					0.19389268227598883,
					0.12721396047960631
				]
			],
			[
				"Rainy",
				[
					0.20570119727741587,
					0.31539850085973736,
					0.17083568302067842,
					0.15823244845325296,
					0.1498321703889154
				]
			],
			[
				"Rainy",
				[
					0.1984975475479256,
					0.2566553348844701,
					0.16440738900141283,
					0.24253196668895807,
					0.13790776187723341
				]
			],
			[
				"Snowy",
				[
					0.23846008201891725,
					0.2360390530391173,
					0.24035452915863556,
					0.15335979691960594,
					0.13178653886372405
				]
			],
			[
				"Rainy",
				[
					0.21162254485217008,
					0.24607017297636377,
					0.19880336455323477,
					0.1957866997881369,
					0.1477172178300945
				]
			],
			[
				"Clear",
				[
					0.2381606474518776,
					0.23141882771795444,
					0.19475637931715356,
					0.17613635591485283,
					0.15952778959816172
				]
			],
			[
				"Thunderstorm",
				[
					0.19284988743337717,
					0.21129600703716278,
					0.15077206461944362,
					0.28323200832713735,
					0.1618500325828791
				]
			],
			[
				"Rainy",
				[
					0.21210589500313454,
					0.2578025920824571,
					0.21081306487321852,
					0.16934894147244367,
					0.14992950656874626
				]
			]
		]
	}
]
